-5,3.8571,10.142,39.167
-4.9931,3.8571,10.142,39.167
-4.9819,3.8571,10.142,39.167
-4.975,3.8571,10.142,39.167
-4.975,3.8571,10.142,39.167
-4.9681,3.8571,10.142,39.167
-4.9569,3.8571,10.142,39.167
-4.95,3.8571,10.142,39.167
-4.95,3.8571,10.142,39.167
-4.9431,3.8571,10.142,39.167
-4.9319,3.8571,10.142,39.167
-4.925,3.8571,10.142,39.167
-4.925,3.8571,10.142,39.167
-4.9181,3.8571,10.142,39.167
-4.9069,3.8571,10.142,39.167
-4.9,3.8571,10.142,39.167
-4.9,3.8571,10.142,39.167
-4.8931,3.8571,10.142,39.167
-4.8819,3.8571,10.142,39.167
-4.875,3.8571,10.142,39.167
-4.875,3.8571,10.142,39.167
-4.8681,3.8571,10.142,39.167
-4.8569,3.8571,10.142,39.167
-4.85,3.8571,10.142,39.167
-4.85,3.8571,10.142,39.167
-4.8431,3.8571,10.142,39.167
-4.8319,3.8571,10.142,39.167
-4.825,3.8571,10.142,39.167
-4.825,3.8571,10.142,39.167
-4.8181,3.8571,10.142,39.167
-4.8069,3.8571,10.142,39.167
-4.8,3.8571,10.142,39.167
-4.8,3.8571,10.142,39.167
-4.7931,3.8571,10.142,39.167
-4.7819,3.8571,10.142,39.167
-4.775,3.8571,10.142,39.167
-4.775,3.8571,10.142,39.167
-4.7681,3.8571,10.142,39.167
-4.7569,3.8571,10.142,39.167
-4.75,3.8571,10.142,39.167
-4.75,3.8571,10.142,39.167
-4.7431,3.8571,10.142,39.167
-4.7319,3.8571,10.142,39.167
-4.725,3.8571,10.142,39.167
-4.725,3.8571,10.142,39.167
-4.7181,3.8571,10.142,39.167
-4.7069,3.8571,10.142,39.167
-4.7,3.8571,10.142,39.167
-4.7,3.8571,10.142,39.167
-4.6931,3.8571,10.142,39.167
-4.6819,3.8571,10.142,39.167
-4.675,3.8571,10.142,39.167
-4.675,3.8571,10.142,39.167
-4.6681,3.8571,10.142,39.167
-4.6569,3.8571,10.142,39.167
-4.65,3.8571,10.142,39.167
-4.65,3.8571,10.142,39.167
-4.6431,3.8571,10.142,39.167
-4.6319,3.8571,10.142,39.167
-4.625,3.8571,10.142,39.167
-4.625,3.8571,10.142,39.167
-4.6181,3.8571,10.142,39.167
-4.6069,3.8571,10.142,39.167
-4.6,3.8571,10.142,39.167
-4.6,3.8571,10.142,39.167
-4.5931,3.8571,10.142,39.167
-4.5819,3.8571,10.142,39.167
-4.575,3.8571,10.142,39.167
-4.575,3.8571,10.142,39.167
-4.5681,3.8571,10.142,39.167
-4.5569,3.8571,10.142,39.167
-4.55,3.8571,10.142,39.167
-4.55,3.8571,10.142,39.167
-4.5431,3.8571,10.142,39.167
-4.5319,3.8571,10.142,39.167
-4.525,3.8571,10.142,39.167
-4.525,3.8571,10.142,39.167
-4.5181,3.8571,10.142,39.167
-4.5069,3.8571,10.142,39.167
-4.5,3.8571,10.142,39.167
-4.5,3.8571,10.142,39.167
-4.4931,3.8571,10.142,39.167
-4.4819,3.8571,10.142,39.167
-4.475,3.8571,10.142,39.167
-4.475,3.8571,10.142,39.167
-4.4681,3.8571,10.142,39.167
-4.4569,3.8571,10.142,39.167
-4.45,3.8571,10.142,39.167
-4.45,3.8571,10.142,39.167
-4.4431,3.8571,10.142,39.167
-4.4319,3.8571,10.142,39.167
-4.425,3.8571,10.142,39.167
-4.425,3.8571,10.142,39.167
-4.4181,3.8571,10.142,39.167
-4.4069,3.8571,10.142,39.167
-4.4,3.8571,10.142,39.167
-4.4,3.8571,10.142,39.167
-4.3931,3.8571,10.142,39.167
-4.3819,3.8571,10.142,39.167
-4.375,3.8571,10.142,39.167
-4.375,3.8571,10.142,39.167
-4.3681,3.8571,10.142,39.167
-4.3569,3.8571,10.142,39.167
-4.35,3.8571,10.142,39.167
-4.35,3.8571,10.142,39.167
-4.3431,3.8571,10.142,39.167
-4.3319,3.8571,10.142,39.167
-4.325,3.8571,10.142,39.167
-4.325,3.8571,10.142,39.167
-4.3181,3.8571,10.142,39.167
-4.3069,3.8571,10.142,39.167
-4.3,3.8571,10.142,39.167
-4.3,3.8571,10.142,39.167
-4.2931,3.8571,10.142,39.167
-4.2819,3.8571,10.142,39.167
-4.275,3.8571,10.142,39.167
-4.275,3.8571,10.142,39.167
-4.2681,3.8571,10.142,39.167
-4.2569,3.8571,10.142,39.167
-4.25,3.8571,10.142,39.167
-4.25,3.8571,10.142,39.167
-4.2431,3.8571,10.142,39.167
-4.2319,3.8571,10.142,39.167
-4.225,3.8571,10.142,39.167
-4.225,3.8571,10.142,39.167
-4.2181,3.8571,10.142,39.167
-4.2069,3.8571,10.142,39.167
-4.2,3.8571,10.142,39.167
-4.2,3.8571,10.142,39.167
-4.1931,3.8571,10.142,39.167
-4.1819,3.8571,10.142,39.167
-4.175,3.8571,10.142,39.167
-4.175,3.8571,10.142,39.167
-4.1681,3.8571,10.142,39.167
-4.1569,3.8571,10.142,39.167
-4.15,3.8571,10.142,39.167
-4.15,3.8571,10.142,39.167
-4.1431,3.8571,10.142,39.167
-4.1319,3.8571,10.142,39.167
-4.125,3.8571,10.142,39.167
-4.125,3.8571,10.142,39.167
-4.1181,3.8571,10.142,39.167
-4.1069,3.8571,10.142,39.167
-4.1,3.8571,10.142,39.167
-4.1,3.8571,10.142,39.167
-4.0931,3.8571,10.142,39.167
-4.0819,3.8571,10.142,39.167
-4.075,3.8571,10.142,39.167
-4.075,3.8571,10.142,39.167
-4.0681,3.8571,10.142,39.167
-4.0569,3.8571,10.142,39.167
-4.05,3.8571,10.142,39.167
-4.05,3.8571,10.142,39.167
-4.0431,3.8571,10.142,39.167
-4.0319,3.8571,10.142,39.167
-4.025,3.8571,10.142,39.167
-4.025,3.8571,10.142,39.167
-4.0181,3.8571,10.142,39.167
-4.0069,3.8571,10.142,39.167
-4,3.8571,10.142,39.167
-4,3.8571,10.142,39.167
-3.9931,3.8571,10.142,39.167
-3.9819,3.8571,10.142,39.167
-3.975,3.8571,10.142,39.167
-3.975,3.8571,10.142,39.167
-3.9681,3.8571,10.142,39.167
-3.9569,3.8571,10.142,39.167
-3.95,3.8571,10.142,39.167
-3.95,3.8571,10.142,39.167
-3.9431,3.8571,10.142,39.167
-3.9319,3.8571,10.142,39.167
-3.925,3.8571,10.142,39.167
-3.925,3.8571,10.142,39.167
-3.9181,3.8571,10.142,39.167
-3.9069,3.8571,10.142,39.167
-3.9,3.8571,10.142,39.167
-3.9,3.8571,10.142,39.167
-3.8931,3.8571,10.142,39.167
-3.8819,3.8571,10.142,39.167
-3.875,3.8571,10.142,39.167
-3.875,3.8571,10.142,39.167
-3.8681,3.8571,10.142,39.167
-3.8569,3.8571,10.142,39.167
-3.85,3.8571,10.142,39.167
-3.85,3.8571,10.142,39.167
-3.8431,3.8571,10.142,39.167
-3.8319,3.8571,10.142,39.167
-3.825,3.8571,10.142,39.167
-3.825,3.8571,10.142,39.167
-3.8181,3.8571,10.142,39.167
-3.8069,3.8571,10.142,39.167
-3.8,3.8571,10.142,39.167
-3.8,3.8571,10.142,39.167
-3.7931,3.8571,10.142,39.167
-3.7819,3.8571,10.142,39.167
-3.775,3.8571,10.142,39.167
-3.775,3.8571,10.142,39.167
-3.7681,3.8571,10.142,39.167
-3.7569,3.8571,10.142,39.167
-3.75,3.8571,10.142,39.167
-3.75,3.8571,10.142,39.167
-3.7431,3.8571,10.142,39.167
-3.7319,3.8571,10.142,39.167
-3.725,3.8571,10.142,39.167
-3.725,3.8571,10.142,39.167
-3.7181,3.8571,10.142,39.167
-3.7069,3.8571,10.142,39.167
-3.7,3.8571,10.142,39.167
-3.7,3.8571,10.142,39.167
-3.6931,3.8571,10.142,39.167
-3.6819,3.8571,10.142,39.167
-3.675,3.8571,10.142,39.167
-3.675,3.8571,10.142,39.167
-3.6681,3.8571,10.142,39.167
-3.6569,3.8571,10.142,39.167
-3.65,3.8571,10.142,39.167
-3.65,3.8571,10.142,39.167
-3.6431,3.8571,10.142,39.167
-3.6319,3.8571,10.142,39.167
-3.625,3.8571,10.142,39.167
-3.625,3.8571,10.142,39.167
-3.6181,3.8571,10.142,39.167
-3.6069,3.8571,10.142,39.167
-3.6,3.8571,10.142,39.167
-3.6,3.8571,10.142,39.167
-3.5931,3.8571,10.142,39.167
-3.5819,3.8571,10.142,39.167
-3.575,3.8571,10.142,39.167
-3.575,3.8571,10.142,39.167
-3.5681,3.8571,10.142,39.167
-3.5569,3.8571,10.142,39.167
-3.55,3.8571,10.142,39.167
-3.55,3.8571,10.142,39.167
-3.5431,3.8571,10.142,39.167
-3.5319,3.8571,10.142,39.167
-3.525,3.8571,10.142,39.167
-3.525,3.8571,10.142,39.167
-3.5181,3.8571,10.142,39.167
-3.5069,3.8571,10.142,39.167
-3.5,3.8571,10.142,39.167
-3.5,3.8571,10.142,39.167
-3.4931,3.8571,10.142,39.167
-3.4819,3.8571,10.142,39.167
-3.475,3.8571,10.142,39.167
-3.475,3.8571,10.142,39.167
-3.4681,3.8571,10.142,39.167
-3.4569,3.8571,10.142,39.167
-3.45,3.8571,10.142,39.167
-3.45,3.8571,10.142,39.167
-3.4431,3.8571,10.142,39.167
-3.4319,3.8571,10.142,39.167
-3.425,3.8571,10.142,39.167
-3.425,3.8571,10.142,39.167
-3.4181,3.8571,10.142,39.167
-3.4069,3.8571,10.142,39.167
-3.4,3.8571,10.142,39.167
-3.4,3.8571,10.142,39.167
-3.3931,3.8571,10.142,39.167
-3.3819,3.8571,10.142,39.167
-3.375,3.8571,10.142,39.167
-3.375,3.8571,10.142,39.167
-3.3681,3.8571,10.142,39.167
-3.3569,3.8571,10.142,39.167
-3.35,3.8571,10.142,39.167
-3.35,3.8571,10.142,39.167
-3.3431,3.8571,10.142,39.167
-3.3319,3.8571,10.142,39.167
-3.325,3.8571,10.142,39.167
-3.325,3.8571,10.142,39.167
-3.3181,3.8571,10.142,39.167
-3.3069,3.8571,10.142,39.167
-3.3,3.8571,10.142,39.167
-3.3,3.8571,10.142,39.167
-3.2931,3.8571,10.142,39.167
-3.2819,3.8571,10.142,39.167
-3.275,3.8571,10.142,39.167
-3.275,3.8571,10.142,39.167
-3.2681,3.8571,10.142,39.167
-3.2569,3.8572,10.142,39.167
-3.25,3.8571,10.142,39.167
-3.25,3.8571,10.142,39.167
-3.2431,3.8571,10.142,39.167
-3.2319,3.8571,10.142,39.167
-3.225,3.8571,10.142,39.167
-3.225,3.8571,10.142,39.167
-3.2181,3.8571,10.142,39.167
-3.2069,3.8571,10.142,39.167
-3.2,3.8572,10.142,39.167
-3.2,3.8572,10.142,39.167
-3.1931,3.8572,10.142,39.167
-3.1819,3.8571,10.142,39.167
-3.175,3.8571,10.142,39.167
-3.175,3.8571,10.142,39.167
-3.1681,3.8571,10.142,39.167
-3.1569,3.8571,10.142,39.167
-3.15,3.8571,10.142,39.167
-3.15,3.8571,10.142,39.167
-3.1431,3.8572,10.142,39.167
-3.1319,3.8572,10.142,39.167
-3.125,3.8572,10.142,39.167
-3.125,3.8572,10.142,39.167
-3.1181,3.8571,10.142,39.167
-3.1069,3.8571,10.142,39.167
-3.1,3.8571,10.142,39.166
-3.1,3.8571,10.142,39.166
-3.0931,3.8571,10.142,39.167
-3.0819,3.8572,10.142,39.167
-3.075,3.8572,10.142,39.167
-3.075,3.8572,10.142,39.167
-3.0681,3.8572,10.142,39.167
-3.0569,3.8571,10.142,39.167
-3.05,3.8571,10.142,39.167
-3.05,3.8571,10.142,39.167
-3.0431,3.8571,10.142,39.166
-3.0319,3.8571,10.142,39.167
-3.025,3.8571,10.142,39.167
-3.025,3.8571,10.142,39.166
-3.0181,3.8573,10.142,39.168
-3.0069,3.8572,10.142,39.167
-3,3.8572,10.142,39.167
-3,3.8572,10.142,39.167
-2.9931,3.8571,10.142,39.166
-2.9819,3.857,10.142,39.165
-2.975,3.8571,10.142,39.166
-2.975,3.8571,10.142,39.166
-2.9681,3.8571,10.142,39.166
-2.9569,3.8574,10.142,39.169
-2.95,3.8573,10.142,39.168
-2.95,3.8573,10.142,39.168
-2.9431,3.8573,10.142,39.168
-2.9319,3.8569,10.142,39.165
-2.925,3.8569,10.142,39.165
-2.925,3.857,10.142,39.165
-2.9181,3.8567,10.142,39.163
-2.9069,3.8574,10.142,39.168
-2.9,3.8574,10.142,39.169
-2.9,3.8574,10.142,39.168
-2.8931,3.8577,10.142,39.171
-2.8819,3.8576,10.142,39.17
-2.875,3.8564,10.141,39.161
-2.875,3.8563,10.141,39.16
-2.8681,3.8565,10.141,39.161
-2.8569,3.8539,10.14,39.142
-2.85,3.852,10.138,39.127
-2.85,3.8521,10.138,39.128
-2.8431,3.8492,10.136,39.105
-2.8319,3.8433,10.132,39.059
-2.825,3.8386,10.129,39.023
-2.825,3.8384,10.129,39.022
-2.8181,3.8355,10.127,38.999
-2.8069,3.8283,10.122,38.943
-2.8,3.8257,10.12,38.924
-2.8,3.8259,10.12,38.925
-2.7931,3.8217,10.117,38.893
-2.7819,3.816,10.113,38.849
-2.775,3.8139,10.111,38.832
-2.775,3.8141,10.111,38.834
-2.7681,3.8083,10.107,38.789
-2.7569,3.8025,10.103,38.744
-2.75,3.7978,10.1,38.708
-2.75,3.7977,10.1,38.707
-2.7431,3.7938,10.097,38.677
-2.7319,3.7883,10.093,38.634
-2.725,3.7835,10.089,38.598
-2.725,3.7834,10.089,38.597
-2.7181,3.7809,10.087,38.578
-2.7069,3.7746,10.083,38.529
-2.7,3.7703,10.079,38.496
-2.7,3.7703,10.079,38.495
-2.6931,3.7676,10.077,38.475
-2.6819,3.7603,10.072,38.419
-2.675,3.7569,10.069,38.393
-2.675,3.7569,10.069,38.393
-2.6681,3.7537,10.067,38.368
-2.6569,3.7481,10.063,38.325
-2.65,3.7512,10.065,38.348
-2.65,3.7506,10.065,38.344
-2.6431,3.7642,10.075,38.449
-2.6319,3.769,10.078,38.485
-2.625,3.7797,10.086,38.568
-2.625,3.7805,10.087,38.575
-2.6181,3.7903,10.094,38.65
-2.6069,3.8008,10.102,38.731
-2.6,3.8101,10.109,38.803
-2.6,3.8135,10.111,38.829
-2.5931,3.821,10.116,38.887
-2.5819,3.833,10.125,38.98
-2.575,3.8405,10.13,39.038
-2.575,3.8441,10.133,39.066
-2.5681,3.8534,10.139,39.138
-2.5569,3.8653,10.147,39.23
-2.55,3.8746,10.154,39.302
-2.55,3.8767,10.155,39.318
-2.5431,3.8862,10.162,39.392
-2.5319,3.8982,10.17,39.485
-2.525,3.9072,10.176,39.555
-2.525,3.911,10.178,39.584
-2.5181,3.9186,10.183,39.643
-2.5069,3.9308,10.191,39.738
-2.5,3.9383,10.196,39.797
-2.5,3.9407,10.197,39.815
-2.4931,3.9511,10.204,39.896
-2.4819,3.9623,10.211,39.983
-2.475,3.9716,10.217,40.056
-2.475,3.9719,10.217,40.058
-2.4681,3.9826,10.224,40.141
-2.4569,3.9929,10.23,40.222
-2.45,4.0028,10.236,40.298
-2.45,4.0029,10.236,40.3
-2.4431,4.0148,10.243,40.392
-2.4319,4.0204,10.247,40.436
-2.425,4.0261,10.25,40.48
-2.425,4.0256,10.25,40.476
-2.4181,4.0385,10.257,40.577
-2.4069,4.0353,10.255,40.552
-2.4,4.0317,10.253,40.524
-2.4,4.0318,10.253,40.525
-2.3931,4.0309,10.253,40.518
-2.3819,4.0259,10.25,40.479
-2.375,4.0233,10.248,40.459
-2.375,4.0233,10.248,40.459
-2.3681,4.0212,10.247,40.442
-2.3569,4.0175,10.245,40.414
-2.35,4.0151,10.243,40.395
-2.35,4.0151,10.243,40.395
-2.3431,4.0119,10.242,40.37
-2.3319,4.0062,10.238,40.326
-2.325,4.0026,10.236,40.297
-2.325,4.0026,10.236,40.297
-2.3181,3.9985,10.233,40.265
-2.3069,3.9925,10.23,40.218
-2.3,3.989,10.228,40.191
-2.3,3.989,10.228,40.191
-2.2931,3.9856,10.226,40.165
-2.2819,3.9793,10.222,40.116
-2.275,3.9751,10.219,40.083
-2.275,3.9751,10.219,40.083
-2.2681,3.971,10.216,40.051
-2.2569,3.9649,10.213,40.003
-2.25,3.9612,10.21,39.975
-2.25,3.9612,10.21,39.975
-2.2431,3.9577,10.208,39.947
-2.2319,3.9515,10.204,39.899
-2.225,3.9475,10.202,39.869
-2.225,3.9476,10.202,39.869
-2.2181,3.9435,10.199,39.837
-2.2069,3.9373,10.195,39.789
-2.2,3.9337,10.193,39.761
-2.2,3.9337,10.193,39.761
-2.1931,3.9302,10.19,39.733
-2.1819,3.9242,10.187,39.687
-2.175,3.9204,10.184,39.657
-2.175,3.9204,10.184,39.657
-2.1681,3.9165,10.182,39.628
-2.1569,3.9105,10.178,39.581
-2.15,3.9067,10.175,39.551
-2.15,3.9067,10.175,39.551
-2.1431,3.903,10.173,39.523
-2.1319,3.8968,10.168,39.475
-2.125,3.893,10.166,39.445
-2.125,3.893,10.166,39.445
-2.1181,3.8891,10.163,39.415
-2.1069,3.883,10.159,39.367
-2.1,3.8793,10.157,39.339
-2.1,3.8793,10.157,39.339
-2.0931,3.8758,10.154,39.312
-2.0819,3.8697,10.15,39.264
-2.075,3.8657,10.147,39.233
-2.075,3.8657,10.147,39.233
-2.0681,3.8616,10.145,39.202
-2.0569,3.8555,10.14,39.155
-2.05,3.8519,10.138,39.127
-2.05,3.8519,10.138,39.127
-2.0431,3.8481,10.135,39.097
-2.0319,3.842,10.131,39.05
-2.025,3.838,10.128,39.019
-2.025,3.8379,10.128,39.019
-2.0181,3.8343,10.126,38.991
-2.0069,3.8281,10.121,38.942
-2,3.8243,10.118,38.913
-2,3.8243,10.118,38.913
-1.9931,3.8204,10.116,38.883
-1.9819,3.8142,10.111,38.835
-1.975,3.8103,10.108,38.805
-1.975,3.8103,10.108,38.805
-1.9681,3.8068,10.106,38.778
-1.9569,3.8002,10.101,38.727
-1.95,3.7968,10.099,38.701
-1.95,3.7968,10.099,38.701
-1.9431,3.7927,10.096,38.669
-1.9319,3.7864,10.091,38.621
-1.925,3.783,10.088,38.594
-1.925,3.783,10.088,38.594
-1.9181,3.779,10.085,38.563
-1.9069,3.7729,10.081,38.516
-1.9,3.7689,10.078,38.486
-1.9,3.7689,10.078,38.486
-1.8931,3.7649,10.075,38.455
-1.8819,3.7592,10.071,38.411
-1.875,3.7553,10.068,38.381
-1.875,3.7553,10.068,38.38
-1.8681,3.7522,10.065,38.357
-1.8569,3.7465,10.061,38.313
-1.85,3.7425,10.058,38.282
-1.85,3.7424,10.058,38.281
-1.8431,3.7395,10.056,38.259
-1.8319,3.7328,10.051,38.207
-1.825,3.73,10.048,38.186
-1.825,3.7302,10.049,38.187
-1.8181,3.7254,10.045,38.15
-1.8069,3.7199,10.041,38.108
-1.8,3.7167,10.038,38.083
-1.8,3.7167,10.038,38.083
-1.7931,3.7125,10.035,38.051
-1.7819,3.7074,10.031,38.012
-1.775,3.704,10.028,37.986
-1.775,3.7041,10.028,37.987
-1.7681,3.7003,10.025,37.957
-1.7569,3.6964,10.022,37.927
-1.75,3.6902,10.017,37.879
-1.75,3.6895,10.017,37.874
-1.7431,3.6905,10.018,37.882
-1.7319,3.6825,10.011,37.821
-1.725,3.6824,10.011,37.82
-1.725,3.683,10.012,37.824
-1.7181,3.6768,10.007,37.777
-1.7069,3.6719,10.003,37.739
-1.7,3.6709,10.002,37.731
-1.7,3.6713,10.002,37.734
-1.6931,3.665,9.9971,37.686
-1.6819,3.671,10.002,37.732
-1.675,3.6745,10.005,37.759
-1.675,3.6736,10.004,37.752
-1.6681,3.6861,10.014,37.848
-1.6569,3.6936,10.02,37.906
-1.65,3.7045,10.029,37.989
-1.65,3.7051,10.029,37.995
-1.6431,3.7151,10.037,38.071
-1.6319,3.7262,10.045,38.157
-1.625,3.7361,10.053,38.233
-1.625,3.7378,10.054,38.246
-1.6181,3.7474,10.062,38.32
-1.6069,3.7594,10.071,38.413
-1.6,3.769,10.078,38.486
-1.6,3.7729,10.081,38.516
-1.5931,3.7809,10.087,38.578
-1.5819,3.794,10.096,38.679
-1.575,3.802,10.102,38.741
-1.575,3.8077,10.106,38.785
-1.5681,3.8161,10.112,38.85
-1.5569,3.8296,10.122,38.955
-1.55,3.838,10.128,39.019
-1.55,3.8438,10.132,39.064
-1.5431,3.8522,10.138,39.13
-1.5319,3.8659,10.147,39.236
-1.525,3.8743,10.153,39.301
-1.525,3.88,10.157,39.345
-1.5181,3.8881,10.162,39.408
-1.5069,3.9012,10.171,39.51
-1.5,3.9093,10.176,39.572
-1.5,3.913,10.179,39.601
-1.4931,3.9228,10.185,39.678
-1.4819,3.935,10.193,39.772
-1.475,3.9441,10.199,39.843
-1.475,3.9481,10.201,39.874
-1.4681,3.9556,10.206,39.932
-1.4569,3.9678,10.214,40.027
-1.45,3.9753,10.218,40.086
-1.45,3.9806,10.222,40.127
-1.4431,3.9877,10.226,40.183
-1.4319,3.9993,10.233,40.273
-1.425,4.0065,10.237,40.328
-1.425,4.0083,10.238,40.343
-1.4181,4.0213,10.246,40.444
-1.4069,4.0276,10.25,40.494
-1.4,4.0318,10.252,40.526
-1.4,4.0313,10.252,40.523
-1.3931,4.044,10.26,40.622
-1.3819,4.0441,10.26,40.622
-1.375,4.0401,10.257,40.591
-1.375,4.0401,10.257,40.592
-1.3681,4.0388,10.257,40.581
-1.3569,4.0347,10.254,40.549
-1.35,4.0329,10.253,40.535
-1.35,4.033,10.253,40.536
-1.3431,4.0303,10.252,40.515
-1.3319,4.0257,10.249,40.479
-1.325,4.023,10.247,40.458
-1.325,4.023,10.247,40.458
-1.3181,4.02,10.245,40.434
-1.3069,4.0147,10.242,40.393
-1.3,4.0114,10.24,40.367
-1.3,4.0114,10.24,40.367
-1.2931,4.0075,10.238,40.337
-1.2819,4.0009,10.234,40.285
-1.275,3.9967,10.231,40.253
-1.275,3.9967,10.231,40.252
-1.2681,3.9928,10.229,40.222
-1.2569,3.9858,10.225,40.167
-1.25,3.9813,10.222,40.133
-1.25,3.9814,10.222,40.133
-1.2431,3.9765,10.219,40.095
-1.2319,3.9693,10.214,40.039
-1.225,3.9653,10.212,40.008
-1.225,3.9653,10.212,40.008
-1.2181,3.9619,10.21,39.981
-1.2069,3.9556,10.206,39.932
-1.2,3.9512,10.203,39.898
-1.2,3.9512,10.203,39.898
-1.1931,3.947,10.2,39.865
-1.1819,3.9403,10.196,39.814
-1.175,3.9363,10.193,39.782
-1.175,3.9363,10.193,39.782
-1.1681,3.9319,10.191,39.748
-1.1569,3.9251,10.186,39.695
-1.15,3.9208,10.183,39.662
-1.15,3.9208,10.183,39.662
-1.1431,3.9167,10.181,39.63
-1.1319,3.9098,10.176,39.577
-1.125,3.9056,10.173,39.544
-1.125,3.9056,10.173,39.544
-1.1181,3.9011,10.17,39.509
-1.1069,3.8942,10.166,39.456
-1.1,3.89,10.163,39.423
-1.1,3.89,10.163,39.423
-1.0931,3.8859,10.16,39.391
-1.0819,3.8788,10.155,39.337
-1.075,3.8744,10.152,39.302
-1.075,3.8744,10.152,39.302
-1.0681,3.8699,10.149,39.267
-1.0569,3.8625,10.144,39.21
-1.05,3.8579,10.141,39.174
-1.05,3.8579,10.141,39.174
-1.0431,3.8537,10.138,39.142
-1.0319,3.8473,10.134,39.092
-1.025,3.8432,10.131,39.06
-1.025,3.8432,10.131,39.061
-1.0181,3.8385,10.127,39.024
-1.0069,3.8308,10.122,38.965
-1,3.8264,10.119,38.931
-1,3.8264,10.119,38.931
-0.99309,3.8222,10.116,38.898
-0.98191,3.8153,10.111,38.845
-0.975,3.8109,10.108,38.811
-0.975,3.8109,10.108,38.811
-0.96809,3.8069,10.105,38.78
-0.95691,3.7999,10.1,38.726
-0.95,3.7957,10.097,38.693
-0.95,3.7957,10.097,38.694
-0.94309,3.7908,10.093,38.656
-0.93191,3.7842,10.088,38.604
-0.925,3.7797,10.085,38.57
-0.925,3.7796,10.085,38.57
-0.91809,3.7759,10.082,38.54
-0.90691,3.7694,10.077,38.491
-0.9,3.7649,10.074,38.456
-0.9,3.7649,10.074,38.456
-0.89309,3.7607,10.071,38.424
-0.88191,3.7539,10.066,38.371
-0.875,3.75,10.063,38.341
-0.875,3.7501,10.063,38.342
-0.86809,3.7462,10.06,38.312
-0.85691,3.7396,10.055,38.261
-0.85,3.734,10.051,38.218
-0.85,3.7338,10.05,38.216
-0.84309,3.7309,10.048,38.194
-0.83191,3.7232,10.042,38.135
-0.825,3.7204,10.04,38.113
-0.825,3.7206,10.04,38.115
-0.81809,3.7152,10.036,38.073
-0.80691,3.7099,10.032,38.032
-0.8,3.7067,10.029,38.008
-0.8,3.7067,10.029,38.008
-0.79309,3.7025,10.026,37.976
-0.78191,3.6975,10.022,37.937
-0.775,3.6932,10.019,37.904
-0.775,3.693,10.019,37.903
-0.76809,3.6905,10.017,37.883
-0.75691,3.684,10.011,37.833
-0.75,3.6795,10.008,37.799
-0.75,3.6794,10.008,37.797
-0.74309,3.6779,10.007,37.786
-0.73191,3.6729,10.003,37.748
-0.725,3.6706,10.001,37.73
-0.725,3.6707,10.001,37.731
-0.71809,3.6669,9.9977,37.702
-0.70691,3.6627,9.9943,37.67
-0.7,3.6621,9.9938,37.665
-0.7,3.6623,9.9939,37.666
-0.69309,3.6581,9.9905,37.634
-0.68191,3.653,9.9864,37.595
-0.675,3.6592,9.9915,37.643
-0.675,3.6671,9.9978,37.703
-0.66809,3.6715,10.001,37.737
-0.65691,3.6787,10.007,37.792
-0.65,3.6831,10.011,37.826
-0.65,3.6898,10.016,37.877
-0.64309,3.7002,10.024,37.958
-0.63191,3.711,10.033,38.04
-0.625,3.7214,10.041,38.121
-0.625,3.7227,10.042,38.131
-0.61809,3.7322,10.049,38.204
-0.60691,3.7442,10.058,38.296
-0.6,3.7536,10.065,38.369
-0.6,3.7557,10.067,38.385
-0.59309,3.7656,10.074,38.462
-0.58191,3.7779,10.084,38.557
-0.575,3.7876,10.091,38.631
-0.575,3.7914,10.093,38.661
-0.56809,3.7995,10.099,38.724
-0.55691,3.8127,10.109,38.825
-0.55,3.8208,10.115,38.888
-0.55,3.8264,10.118,38.931
-0.54309,3.8348,10.124,38.996
-0.53191,3.8484,10.134,39.101
-0.525,3.8567,10.14,39.166
-0.525,3.8625,10.144,39.21
-0.51809,3.8706,10.149,39.274
-0.50691,3.8839,10.158,39.376
-0.5,3.892,10.164,39.439
-0.5,3.8973,10.167,39.48
-0.49309,3.9052,10.172,39.542
-0.48191,3.9181,10.181,39.642
-0.475,3.926,10.186,39.703
-0.475,3.9295,10.188,39.731
-0.46809,3.9392,10.195,39.805
-0.45691,3.9511,10.202,39.898
-0.45,3.9601,10.208,39.968
-0.45,3.9641,10.21,40
-0.44309,3.9715,10.215,40.057
-0.43191,3.9834,10.222,40.15
-0.425,3.9907,10.227,40.207
-0.425,3.9943,10.229,40.235
-0.41809,4.0031,10.234,40.304
-0.40691,4.0139,10.241,40.388
-0.4,4.0222,10.246,40.453
-0.4,4.0226,10.246,40.456
-0.39309,4.0332,10.252,40.539
-0.38191,4.0426,10.258,40.612
-0.375,4.0513,10.263,40.68
-0.375,4.0514,10.263,40.681
-0.36809,4.0533,10.264,40.696
-0.35691,4.049,10.262,40.662
-0.35,4.0493,10.262,40.665
-0.35,4.0494,10.262,40.665
-0.34309,4.0465,10.26,40.642
-0.33191,4.0424,10.258,40.61
-0.325,4.0407,10.257,40.597
-0.325,4.0408,10.257,40.598
-0.31809,4.0381,10.255,40.577
-0.30691,4.0335,10.252,40.541
-0.3,4.0312,10.251,40.523
-0.3,4.0312,10.251,40.523
-0.29309,4.0286,10.25,40.503
-0.28191,4.0241,10.247,40.467
-0.275,4.021,10.245,40.443
-0.275,4.021,10.245,40.443
-0.26809,4.0176,10.243,40.417
-0.25691,4.0117,10.24,40.371
-0.25,4.0079,10.237,40.341
-0.25,4.0079,10.237,40.341
-0.24309,4.0032,10.234,40.304
-0.23191,3.9945,10.229,40.236
-0.225,3.9891,10.226,40.194
-0.225,3.9891,10.226,40.194
-0.21809,3.9842,10.223,40.156
-0.20691,3.9763,10.218,40.095
-0.2,3.9716,10.215,40.058
-0.2,3.9716,10.215,40.058
-0.19309,3.9668,10.212,40.02
-0.18191,3.9588,10.207,39.958
-0.175,3.9542,10.204,39.922
-0.175,3.9542,10.204,39.922
-0.16809,3.9498,10.201,39.888
-0.15691,3.9424,10.196,39.831
-0.15,3.9377,10.194,39.794
-0.15,3.9377,10.194,39.794
-0.14309,3.9331,10.191,39.759
-0.13191,3.9249,10.185,39.695
-0.125,3.9197,10.182,39.654
-0.125,3.9197,10.182,39.654
-0.11809,3.9149,10.179,39.617
-0.10691,3.9074,10.174,39.558
-0.1,3.9024,10.171,39.52
-0.1,3.9024,10.171,39.52
-0.09309,3.8974,10.167,39.481
-0.08191,3.8894,10.162,39.419
-0.075,3.8844,10.158,39.381
-0.075,3.8844,10.158,39.381
-0.06809,3.8796,10.155,39.343
-0.05691,3.8717,10.15,39.282
-0.05,3.8665,10.146,39.242
-0.05,3.8665,10.146,39.242
-0.04309,3.8614,10.143,39.202
-0.03191,3.8536,10.137,39.142
-0.025,3.8487,10.134,39.104
-0.025,3.8487,10.134,39.104
-0.01809,3.8435,10.13,39.064
-0.0069098,3.8351,10.124,38.998
0,3.8298,10.121,38.958
0,3.8299,10.121,38.958
0.0069098,3.8247,10.117,38.918
0.01809,3.8174,10.112,38.861
0.025,3.8129,10.109,38.826
0.025,3.8129,10.109,38.826
0.03191,3.8075,10.105,38.785
0.04309,3.7986,10.098,38.717
0.05,3.794,10.095,38.681
0.05,3.794,10.095,38.681
0.05691,3.7892,10.091,38.644
0.06809,3.781,10.085,38.58
0.075,3.7762,10.082,38.543
0.075,3.7762,10.082,38.543
0.08191,3.7709,10.078,38.503
0.09309,3.763,10.072,38.442
0.1,3.7585,10.069,38.407
0.1,3.7586,10.069,38.407
0.10691,3.7539,10.065,38.371
0.11809,3.7465,10.06,38.314
0.125,3.7408,10.055,38.27
0.125,3.7407,10.055,38.269
0.13191,3.7368,10.052,38.24
0.14309,3.7295,10.047,38.184
0.15,3.7252,10.043,38.15
0.15,3.7253,10.043,38.151
0.15691,3.7204,10.04,38.113
0.16809,3.7137,10.034,38.062
0.175,3.7092,10.031,38.027
0.175,3.7093,10.031,38.028
0.18191,3.7042,10.027,37.988
0.19309,3.6978,10.022,37.939
0.2,3.6934,10.018,37.906
0.2,3.6932,10.018,37.904
0.20691,3.6907,10.016,37.885
0.21809,3.6833,10.01,37.828
0.225,3.6829,10.01,37.825
0.225,3.6835,10.011,37.829
0.23191,3.6763,10.005,37.774
0.24309,3.6719,10.001,37.74
0.25,3.6678,9.9981,37.709
0.25,3.6673,9.9977,37.705
0.25691,3.6681,9.9983,37.711
0.26809,3.662,9.9935,37.664
0.275,3.6542,9.9871,37.604
0.275,3.654,9.987,37.603
0.28191,3.6502,9.9838,37.573
0.29309,3.643,9.9779,37.518
0.3,3.6389,9.9745,37.487
0.3,3.6388,9.9744,37.486
0.30691,3.6428,9.9777,37.517
0.31809,3.654,9.9868,37.602
0.325,3.6608,9.9924,37.655
0.325,3.6604,9.9921,37.652
0.33191,3.6716,10.001,37.738
0.34309,3.6814,10.009,37.813
0.35,3.6913,10.017,37.889
0.35,3.6918,10.017,37.893
0.35691,3.7018,10.025,37.97
0.36809,3.7129,10.034,38.055
0.375,3.7227,10.042,38.131
0.375,3.7243,10.043,38.143
0.38191,3.7334,10.05,38.213
0.39309,3.7452,10.059,38.304
0.4,3.7541,10.065,38.372
0.4,3.7578,10.068,38.401
0.40691,3.7655,10.074,38.461
0.41809,3.7779,10.083,38.556
0.425,3.7855,10.089,38.615
0.425,3.7881,10.091,38.635
0.43191,3.7985,10.098,38.716
0.44309,3.8101,10.107,38.805
0.45,3.8199,10.113,38.881
0.45,3.8212,10.114,38.891
0.45691,3.8305,10.121,38.963
0.46809,3.8423,10.129,39.054
0.475,3.8513,10.136,39.124
0.475,3.8533,10.137,39.14
0.48191,3.8625,10.143,39.211
0.49309,3.8741,10.151,39.3
0.5,3.8827,10.157,39.367
0.5,3.8839,10.158,39.377
0.50691,3.8941,10.165,39.456
0.51809,3.905,10.172,39.54
0.525,3.9138,10.178,39.609
0.525,3.9138,10.178,39.609
0.53191,3.9247,10.184,39.694
0.54309,3.9349,10.191,39.774
0.55,3.9432,10.197,39.837
0.55,3.9429,10.197,39.835
0.55691,3.9548,10.205,39.927
0.56809,3.9633,10.21,39.992
0.575,3.9687,10.213,40.035
0.575,3.9686,10.213,40.035
0.58191,3.9773,10.217,40.106
0.59309,3.9856,10.22,40.175
0.6,3.9872,10.222,40.186
0.6,3.9868,10.222,40.182
0.60691,4.0007,10.232,40.287
0.61809,4.0093,10.242,40.342
0.625,4.0073,10.24,40.328
0.625,4.007,10.239,40.327
0.63191,4.0065,10.232,40.341
0.64309,4.0002,10.187,40.386
0.65,3.9871,10.138,40.382
0.65,3.9874,10.138,40.384
0.65691,3.9646,10.071,40.331
0.66809,3.9295,9.9582,40.275
0.675,3.9067,9.8911,40.223
0.675,3.9065,9.8905,40.223
0.68191,3.8827,9.8314,40.143
0.69309,3.8502,9.7517,40.031
0.7,3.8331,9.7135,39.962
0.7,3.8334,9.7143,39.962
0.70691,3.8206,9.6858,39.911
0.71809,3.8182,9.684,39.89
0.725,3.8283,9.7157,39.906
0.725,3.8281,9.7153,39.905
0.73191,3.8497,9.7748,39.962
0.74309,3.8972,9.9026,40.095
0.75,3.926,9.9825,40.17
0.75,3.9259,9.9824,40.169
0.75691,3.9528,10.054,40.245
0.76809,3.9885,10.153,40.339
0.775,4.0075,10.21,40.379
0.775,4.0076,10.21,40.378
0.78191,4.0292,10.271,40.433
0.79309,4.066,10.376,40.524
0.8,4.0868,10.439,40.566
0.8,4.0866,10.438,40.565
0.80691,4.1057,10.498,40.601
0.81809,4.1301,10.578,40.637
0.825,4.1419,10.619,40.649
0.825,4.1422,10.62,40.65
0.83191,4.1505,10.655,40.646
0.84309,4.1622,10.706,40.634
0.85,4.1686,10.733,40.63
0.85,4.1682,10.731,40.629
0.85691,4.1709,10.751,40.608
0.86809,4.1589,10.742,40.517
0.875,4.1424,10.71,40.438
0.875,4.1428,10.711,40.439
0.88191,4.1177,10.656,40.331
0.89309,4.0717,10.556,40.134
0.9,4.0463,10.502,40.023
0.9,4.0461,10.501,40.022
0.90691,4.0252,10.459,39.926
0.91809,3.992,10.391,39.772
0.925,3.9683,10.34,39.667
0.925,3.9685,10.341,39.668
0.93191,3.9401,10.278,39.548
0.94309,3.8903,10.166,39.339
0.95,3.859,10.097,39.206
0.95,3.8589,10.096,39.206
0.95691,3.8289,10.03,39.078
0.96809,3.778,9.9146,38.864
0.975,3.7428,9.8348,38.716
0.975,3.7426,9.8345,38.715
0.98191,3.7068,9.7505,38.571
0.99309,3.6486,9.6138,38.336
1,3.616,9.5399,38.198
1,3.6161,9.5405,38.198
1.0069,3.5902,9.4822,38.088
1.0181,3.5674,9.4391,37.975
1.025,3.5667,9.4487,37.951
1.025,3.5667,9.4485,37.951
1.0319,3.5767,9.4864,37.964
1.0431,3.6077,9.588,38.038
1.05,3.6295,9.6586,38.092
1.05,3.6294,9.6585,38.091
1.0569,3.6513,9.7259,38.153
1.0681,3.6816,9.8228,38.234
1.075,3.6974,9.8791,38.265
1.075,3.6973,9.8789,38.264
1.0819,3.7156,9.9392,38.31
1.0931,3.7468,10.039,38.394
1.1,3.7665,10.102,38.45
1.1,3.7668,10.102,38.451
1.1069,3.7835,10.16,38.488
1.1181,3.8102,10.253,38.548
1.125,3.8259,10.306,38.588
1.125,3.8255,10.305,38.586
1.1319,3.8396,10.352,38.623
1.1431,3.8505,10.401,38.631
1.15,3.8541,10.422,38.625
1.15,3.8545,10.423,38.627
1.1569,3.8573,10.441,38.619
1.1681,3.8676,10.49,38.62
1.175,3.8807,10.535,38.654
1.175,3.8803,10.534,38.653
1.1819,3.8977,10.585,38.711
1.1931,3.9099,10.636,38.725
1.2,3.906,10.636,38.692
1.2,3.906,10.636,38.691
1.2069,3.8929,10.607,38.631
1.2181,3.8503,10.507,38.442
1.225,3.8173,10.428,38.297
1.225,3.817,10.428,38.295
1.2319,3.7916,10.355,38.207
1.2431,3.7487,10.245,38.032
1.25,3.7212,10.182,37.903
1.25,3.7211,10.183,37.902
1.2569,3.6991,10.129,37.806
1.2681,3.6663,10.053,37.653
1.275,3.6493,10.012,37.576
1.275,3.6494,10.012,37.578
1.2819,3.6296,9.9697,37.477
1.2931,3.5965,9.8904,37.326
1.3,3.5748,9.8322,37.239
1.3,3.5746,9.8323,37.237
1.3069,3.5585,9.772,37.207
1.3181,3.5285,9.6687,37.135
1.325,3.5118,9.6082,37.102
1.325,3.5115,9.6075,37.1
1.3319,3.4994,9.5551,37.093
1.3431,3.4766,9.4745,37.044
1.35,3.4723,9.4431,37.068
1.35,3.4731,9.4444,37.072
1.3569,3.4714,9.4276,37.09
1.3681,3.4956,9.464,37.238
1.375,3.5199,9.5157,37.354
1.375,3.5195,9.515,37.352
1.3819,3.5516,9.5832,37.507
1.3931,3.6048,9.6962,37.762
1.4,3.6339,9.7615,37.894
1.4,3.6334,9.7611,37.89
1.4069,3.6683,9.8299,38.068
1.4181,3.7153,9.9333,38.282
1.425,3.7483,9.9955,38.454
1.425,3.7489,9.996,38.459
1.4319,3.7707,10.043,38.56
1.4431,3.8067,10.108,38.751
1.45,3.8312,10.152,38.883
1.45,3.8316,10.152,38.886
1.4569,3.8542,10.201,38.987
1.4681,3.9065,10.304,39.243
1.475,3.9305,10.362,39.337
1.475,3.9296,10.362,39.33
1.4819,3.9636,10.421,39.511
1.4931,4.0021,10.501,39.689
1.5,4.0309,10.557,39.828
1.5,4.0307,10.557,39.827
1.5069,4.0639,10.621,39.988
1.5181,4.106,10.717,40.163
1.525,4.1316,10.761,40.298
1.525,4.1332,10.761,40.311
1.5319,4.1495,10.782,40.414
1.5431,4.1277,10.731,40.328
1.55,4.1168,10.684,40.335
1.55,4.1194,10.687,40.351
1.5569,4.1118,10.634,40.397
1.5681,4.0787,10.557,40.268
1.575,4.078,10.532,40.318
1.575,4.0793,10.532,40.33
1.5819,4.0821,10.511,40.403
1.5931,4.0447,10.422,40.263
1.6,4.028,10.357,40.257
1.6,4.0365,10.363,40.323
1.6069,4.0129,10.289,40.276
1.6181,3.9654,10.17,40.112
1.625,3.9425,10.102,40.059
1.625,3.9451,10.104,40.079
1.6319,3.9334,10.038,40.126
1.6431,3.8771,9.9003,39.926
1.65,3.8508,9.8179,39.876
1.65,3.8499,9.8166,39.87
1.6569,3.8347,9.744,39.902
1.6681,3.7844,9.6199,39.727
1.675,3.7683,9.5687,39.699
1.675,3.7689,9.5705,39.7
1.6819,3.7702,9.5486,39.766
1.6931,3.7929,9.5974,39.857
1.7,3.8214,9.6693,39.947
1.7,3.8209,9.668,39.945
1.7069,3.8592,9.76,40.078
1.7181,3.9106,9.8929,40.233
1.725,3.9338,9.9618,40.281
1.725,3.9333,9.9615,40.277
1.7319,3.9662,10.034,40.407
1.7431,4.0074,10.148,40.515
1.75,4.035,10.22,40.597
1.75,4.0356,10.221,40.599
1.7569,4.059,10.285,40.66
1.7681,4.0974,10.391,40.762
1.775,4.1213,10.454,40.833
1.775,4.1207,10.452,40.831
1.7819,4.1417,10.512,40.882
1.7931,4.1618,10.573,40.921
1.8,4.1689,10.597,40.928
1.8,4.1699,10.6,40.931
1.8069,4.175,10.616,40.939
1.8181,4.1927,10.677,40.958
1.825,4.2109,10.731,40.998
1.825,4.2096,10.727,40.994
1.8319,4.2324,10.794,41.048
1.8431,4.2383,10.828,41.023
1.85,4.2243,10.797,40.964
1.85,4.224,10.799,40.957
1.8569,4.1879,10.725,40.798
1.8681,4.1387,10.624,40.577
1.875,4.1152,10.581,40.462
1.875,4.1155,10.58,40.465
1.8819,4.0932,10.544,40.344
1.8931,4.0622,10.478,40.208
1.9,4.031,10.419,40.057
1.9,4.0309,10.42,40.053
1.9069,4.0022,10.349,39.95
1.9181,3.9475,10.233,39.71
1.925,3.9185,10.17,39.585
1.925,3.9185,10.171,39.585
1.9319,3.8896,10.105,39.467
1.9431,3.8305,9.9811,39.203
1.95,3.805,9.9101,39.128
1.95,3.8056,9.9096,39.136
1.9569,3.7636,9.8332,38.918
1.9681,3.7126,9.7147,38.715
1.975,3.6812,9.6397,38.594
1.975,3.682,9.641,38.598
1.9819,3.6369,9.5565,38.368
1.9931,3.6054,9.4725,38.269
2,3.5954,9.4596,38.208
2,3.5954,9.4585,38.21
2.0069,3.5927,9.4874,38.121
2.0181,3.6397,9.6053,38.308
2.025,3.6581,9.6727,38.333
2.025,3.6588,9.6741,38.336
2.0319,3.6631,9.7212,38.276
2.0431,3.7051,9.8257,38.448
2.05,3.7208,9.8884,38.462
2.05,3.7212,9.8887,38.465
2.0569,3.729,9.9456,38.419
2.0681,3.773,10.055,38.602
2.075,3.7832,10.108,38.589
2.075,3.7831,10.108,38.587
2.0819,3.7902,10.158,38.554
2.0931,3.8317,10.262,38.727
2.1,3.8391,10.306,38.707
2.1,3.8388,10.306,38.705
2.1069,3.8356,10.328,38.636
2.1181,3.8482,10.357,38.698
2.125,3.8446,10.372,38.638
2.125,3.8363,10.364,38.578
2.1319,3.8483,10.411,38.597
2.1431,3.8845,10.505,38.739
2.15,3.8965,10.548,38.765
2.15,3.8745,10.53,38.602
2.1569,3.8893,10.57,38.659
2.1681,3.9211,10.657,38.779
2.175,3.9426,10.716,38.86
2.175,3.9354,10.715,38.799
2.1819,3.9306,10.737,38.714
2.1931,3.9655,10.827,38.856
2.2,3.9462,10.789,38.754
2.2,3.9387,10.776,38.713
2.2069,3.8804,10.637,38.453
2.2181,3.8514,10.579,38.3
2.225,3.8161,10.498,38.134
2.225,3.7999,10.453,38.074
2.2319,3.7606,10.346,37.921
2.2431,3.7354,10.274,37.828
2.25,3.6998,10.191,37.659
2.25,3.6567,10.076,37.49
2.2569,3.6481,10.033,37.492
2.2681,3.6144,9.947,37.345
2.275,3.6037,9.9026,37.332
2.275,3.5712,9.8105,37.216
2.2819,3.522,9.685,37.006
2.2931,3.5054,9.6257,36.966
2.3,3.4794,9.5493,36.875
2.3,3.4321,9.4212,36.708
2.3069,3.4146,9.3678,36.626
2.3181,3.3975,9.3029,36.619
2.325,3.3776,9.2573,36.544
2.325,3.341,9.1514,36.332
2.3319,3.3026,8.9838,36.038
2.3431,3.2466,8.7858,35.455
2.35,3.2113,8.6486,35.121
2.35,3.159,8.3969,34.051
2.3569,3.0739,8.052,33.142
2.3681,2.9568,7.607,31.592
2.375,2.9228,7.4093,30.819
2.375,2.7798,6.6583,27.534
2.3819,2.6844,6.2236,25.879
2.3931,2.5144,5.5156,23.079
2.4,2.4171,5.0803,21.408
2.4,2.1384,3.7965,15.971
2.4069,1.9931,3.2547,14.171
2.4181,1.7232,2.387,11.037
2.425,1.5777,1.8452,9.2351
2.425,1.3749,1.0101,5.9755
2.4319,1.2763,0.90109,5.3847
2.4431,1.1902,0.66209,4.7784
2.45,1.1278,0.52223,4.3599
2.45,1.0315,0.22612,3.319
2.4569,1.0603,0.22614,3.1792
2.4681,1.0209,0.17368,3.0613
2.475,1.0231,0.15549,2.961
2.475,0.9584,0.057731,2.6785
2.4819,1.0193,0.053878,2.6602
2.4931,1.0009,0.042618,2.6287
2.5,1.0215,0.037116,2.6095
2.5,1.0145,0.033572,2.5996
2.5069,0.99803,0.005206,2.5155
2.5181,1.0043,-0.00056702,2.4982
2.525,1.0126,0.00070834,2.5022
2.525,1.0119,0.00043487,2.5014
2.5319,1.0185,-0.00016373,2.4995
2.5431,1.0298,6.7479e-05,2.5002
2.55,1.0364,-6.9127e-05,2.4997
2.55,1.0365,-6.34e-05,2.4998
2.5569,1.0433,-1.5051e-06,2.5
2.5681,1.0541,-9.6772e-07,2.5
2.575,1.0607,-7.9828e-07,2.5
2.575,1.0607,1.5786e-06,2.5
2.5819,1.0673,6.0874e-07,2.5
2.5931,1.0777,-3.052e-07,2.5
2.6,1.084,6.5861e-07,2.5
2.6,1.084,3.1998e-07,2.5
2.6069,1.0903,-1.3719e-07,2.5
2.6181,1.1001,1.1357e-07,2.5
2.625,1.106,-2.3531e-07,2.5
2.625,1.106,-1.4332e-07,2.5
2.6319,1.1118,5.2045e-08,2.5
2.6431,1.1209,-4.5461e-08,2.5
2.65,1.1263,9.4648e-08,2.5
2.65,1.1263,5.8053e-08,2.5
2.6569,1.1316,-2.0699e-08,2.5
2.6681,1.1398,1.7886e-08,2.5
2.675,1.1447,-3.6762e-08,2.5
2.675,1.1447,-2.261e-08,2.5
2.6819,1.1494,7.7081e-09,2.5
2.6931,1.1566,-6.5842e-09,2.5
2.7,1.1608,1.3278e-08,2.5
2.7,1.1608,8.1763e-09,2.5
2.7069,1.1648,-2.61e-09,2.5
2.7181,1.1708,2.1974e-09,2.5
2.725,1.1743,-4.2987e-09,2.5
2.725,1.1743,-2.6382e-09,2.5
2.7319,1.1776,7.5243e-10,2.5
2.7431,1.1825,-6.1782e-10,2.5
2.75,1.1852,1.1373e-09,2.5
2.75,1.1852,6.8774e-10,2.5
2.7569,1.1877,-1.4804e-10,2.5
2.7681,1.1913,1.1274e-10,2.5
2.775,1.1932,-1.655e-10,2.5
2.775,1.1932,-9.1794e-11,2.5
2.7819,1.1948,-1.0624e-11,2.5
2.7931,1.1971,1.5433e-11,2.5
2.8,1.1981,-5.9664e-11,2.5
2.8,1.1981,-4.2804e-11,2.5
2.8069,1.1989,3.2124e-11,2.5
2.8181,1.1998,-2.9911e-11,2.5
2.825,1.2,7.1694e-11,2.5
2.825,1.2,4.715e-11,2.5
2.8319,1.1999,-2.2344e-11,2.5
2.8431,1.1994,1.9993e-11,2.5
2.85,1.1987,-4.4116e-11,2.5
2.85,1.1987,-2.8412e-11,2.5
2.8569,1.1978,1.1585e-11,2.5
2.8681,1.1959,-1.0209e-11,2.5
2.875,1.1944,2.1554e-11,2.5
2.875,1.1944,1.3702e-11,2.5
2.8819,1.1926,-5.1454e-12,2.5
2.8931,1.1893,4.4438e-12,2.5
2.9,1.187,-9.1727e-12,2.5
2.9,1.187,-5.7739e-12,2.5
2.9069,1.1844,2.0104e-12,2.5
2.9181,1.1798,-1.7476e-12,2.5
2.925,1.1767,3.4973e-12,2.5
2.925,1.1767,2.1789e-12,2.5
2.9319,1.1733,-7.0048e-13,2.5
2.9431,1.1675,6.3123e-13,2.5
2.95,1.1636,-1.1995e-12,2.5
2.95,1.1636,-7.3469e-13,2.5
2.9569,1.1595,2.3321e-13,2.5
2.9681,1.1525,-2.206e-13,2.5
2.975,1.148,3.3529e-13,2.5
2.975,1.148,1.8653e-13,2.5
2.9819,1.1433,-1.059e-13,2.5
2.9931,1.1352,1.6447e-14,2.5
3,1.1301,-1.5558e-13,2.5
3,1.1301,-1.1166e-13,2.5
3.0069,1.1247,-2.3727e-14,2.5
3.0181,1.1158,-3.0277e-14,2.5
3.025,1.1101,2.3624e-14,2.5
3.025,1.1101,1.307e-14,2.5
3.0319,1.1043,5.2427e-15,2.5
3.0431,1.0946,3.8771e-14,2.5
3.05,1.0884,3.6218e-14,2.5
3.05,1.0884,3.9104e-14,2.5
3.0569,1.0822,3.5939e-14,2.5
3.0681,1.0719,3.5051e-14,2.5
3.075,1.0654,3.9048e-14,2.5
3.075,1.0654,3.8366e-14,2.5
3.0819,1.0588,3.176e-14,2.5
3.0931,1.048,1.7438e-14,2.5
3.1,1.0413,6.7244e-15,2.5
3.1,1.0413,6.8759e-15,2.5
3.1069,1.0345,4.5444e-15,2.5
3.1181,1.0234,6.7093e-15,2.5
3.125,1.0166,5.377e-15,2.5
3.125,1.0166,5.345e-15,2.5
3.1319,1.0097,5.1555e-16,2.5
3.1431,0.9985,-7.7556e-15,2.5
3.15,0.9916,-1.203e-14,2.5
3.15,0.9916,-1.1468e-14,2.5
3.1569,0.9847,-9.2058e-16,2.5
3.1681,0.97358,1.0737e-14,2.5
3.175,0.96675,6.1848e-15,2.5
3.175,0.96675,7.0778e-15,2.5
3.1819,0.95996,-2.7476e-15,2.5
3.1931,0.94907,-1.5127e-14,2.5
3.2,0.94242,-1.9456e-14,2.5
3.2,0.94242,-1.9194e-14,2.5
3.2069,0.93584,-1.0978e-14,2.5
3.2181,0.92535,-1.5968e-15,2.5
3.225,0.91899,4.6205e-15,2.5
3.225,0.91899,4.4311e-15,2.5
3.2319,0.91272,1.5422e-14,2.5
3.2431,0.9028,1.7365e-14,2.5
3.25,0.89682,1.1259e-14,2.5
3.25,0.89682,1.1306e-14,2.5
3.2569,0.89097,6.2549e-15,2.5
3.2681,0.88177,1.0252e-14,2.5
3.275,0.87627,1.7302e-14,2.5
3.275,0.87627,1.7561e-14,2.5
3.2819,0.87091,1.151e-14,2.5
3.2931,0.86258,-3.1406e-16,2.5
3.3,0.85764,-5.9162e-16,2.5
3.3,0.85764,-3.2292e-16,2.5
3.3069,0.85288,3.8404e-15,2.5
3.3181,0.84554,1.2223e-14,2.5
3.325,0.84124,1.6386e-14,2.5
3.325,0.84124,1.6875e-14,2.5
3.3319,0.83713,1.3933e-14,2.5
3.3431,0.8309,1.2989e-14,2.5
3.35,0.82731,1.2989e-14,2.5
3.35,0.82731,1.3301e-14,2.5
3.3569,0.82393,1.4577e-14,2.5
3.3681,0.81891,2.0017e-14,2.5
3.375,0.81608,2.4125e-14,2.5
3.375,0.81608,2.4103e-14,2.5
3.3819,0.81348,1.5277e-14,2.5
3.3931,0.80974,-8.2113e-16,2.5
3.4,0.80772,-8.7037e-15,2.5
3.4,0.80772,-8.3644e-15,2.5
3.4069,0.80593,-3.1464e-15,2.5
3.4181,0.80354,-1.37e-15,2.5
3.425,0.80236,3.5082e-16,2.5
3.425,0.80236,4.9588e-16,2.5
3.4319,0.80142,1.0654e-14,2.5
3.4431,0.8004,1.726e-14,2.5
3.45,0.80008,1.1709e-14,2.5
3.45,0.80008,1.2349e-14,2.5
3.4569,0.8,7.353e-15,2.5
3.4681,0.80038,9.0738e-15,2.5
3.475,0.80093,1.1849e-14,2.5
3.475,0.80093,1.1889e-14,2.5
3.4819,0.80171,4.6724e-15,2.5
3.4931,0.80348,-1.509e-14,2.5
3.5,0.80487,-2.3583e-14,2.5
3.5,0.80487,-2.3886e-14,2.5
3.5069,0.80651,-1.617e-14,2.5
3.5181,0.80964,-1.3339e-14,2.5
3.525,0.81187,-1.5504e-14,2.5
3.525,0.81187,-1.5081e-14,2.5
3.5319,0.81433,-1.4415e-14,2.5
3.5431,0.81877,-6.9767e-15,2.5
3.55,0.8218,-7.5943e-16,2.5
3.55,0.8218,-7.5932e-16,2.5
3.5569,0.82504,-2.2026e-15,2.5
3.5681,0.83073,-1.2361e-14,2.5
3.575,0.83451,-1.5303e-14,2.5
3.575,0.83451,-1.5403e-14,2.5
3.5819,0.83849,-1.0962e-14,2.5
3.5931,0.84533,1.3618e-15,2.5
3.6,0.8498,9.0223e-15,2.5
3.6,0.8498,9.9235e-15,2.5
3.6069,0.85445,6.7039e-15,2.5
3.6181,0.86235,6.5373e-15,2.5
3.625,0.86744,1.3421e-14,2.5
3.625,0.86744,1.3796e-14,2.5
3.6319,0.87269,1.424e-14,2.5
3.6431,0.88151,1.2186e-14,2.5
3.65,0.88714,5.5804e-15,2.5
3.65,0.88714,5.4086e-15,2.5
3.6569,0.89292,5.6862e-15,2.5
3.6681,0.90252,5.5752e-15,2.5
3.675,0.90861,2.9662e-15,2.5
3.675,0.90861,3.4525e-15,2.5
3.6819,0.91481,-1.1147e-14,2.5
3.6931,0.92505,-3.324e-14,2.5
3.7,0.9315,-3.8569e-14,2.5
3.7,0.9315,-3.8753e-14,2.5
3.7069,0.93804,-2.8039e-14,2.5
3.7181,0.94876,-2.2266e-14,2.5
3.725,0.95547,-2.3931e-14,2.5
3.725,0.95547,-2.3456e-14,2.5
3.7319,0.96223,-3.1449e-14,2.5
3.7431,0.97326,-3.2726e-14,2.5
3.75,0.98012,-2.7452e-14,2.5
3.75,0.98012,-2.7285e-14,2.5
3.7569,0.98701,-2.2011e-14,2.5
3.7681,0.99818,-1.324e-14,2.5
3.775,1.0051,-1.0354e-14,2.5
3.775,1.0051,-1.0199e-14,2.5
3.7819,1.012,-8.8667e-15,2.5
3.7931,1.0231,-1.3252e-14,2.5
3.8,1.03,-2.2134e-14,2.5
3.8,1.03,-2.2063e-14,2.5
3.8069,1.0368,-2.0454e-14,2.5
3.8181,1.0477,-8.7407e-15,2.5
3.825,1.0544,-3.3006e-15,2.5
3.825,1.0544,-2.9794e-15,2.5
3.8319,1.061,-5.1443e-15,2.5
3.8431,1.0716,-3.6455e-15,2.5
3.85,1.078,-7.6423e-15,2.5
3.85,1.078,-7.0557e-15,2.5
3.8569,1.0843,-1.0664e-14,2.5
3.8681,1.0943,-4.8352e-15,2.5
3.875,1.1003,2.9364e-15,2.5
3.875,1.1003,2.4136e-15,2.5
3.8819,1.1062,5.0782e-15,2.5
3.8931,1.1155,1.557e-14,2.5
3.9,1.1211,2.3952e-14,2.5
3.9,1.1211,2.3974e-14,2.5
3.9069,1.1265,2.1698e-14,2.5
3.9181,1.135,4.2679e-15,2.5
3.925,1.14,-2.56e-15,2.5
3.925,1.14,-2.4134e-15,2.5
3.9319,1.1449,-7.0764e-15,2.5
3.9431,1.1523,-7.5205e-15,2.5
3.95,1.1567,-5.2445e-15,2.5
3.95,1.1567,-4.5619e-15,2.5
3.9569,1.1609,-7.3929e-15,2.5
3.9681,1.1673,-3.2296e-15,2.5
3.975,1.171,2.5991e-15,2.5
3.975,1.171,2.355e-15,2.5
3.9819,1.1745,6.4628e-15,2.5
3.9931,1.1797,5.7412e-15,2.5
4,1.1826,-9.3578e-15,2.5
4,1.1826,-9.0868e-15,2.5
4.0069,1.1853,-2.7017e-14,2.5
4.0181,1.1892,-4.4669e-14,2.5
4.025,1.1913,-5.2552e-14,2.5
4.025,1.1913,-5.2697e-14,2.5
4.0319,1.1932,-5.5528e-14,2.5
4.0431,1.1958,-5.303e-14,2.5
4.05,1.1971,-5.0699e-14,2.5
4.05,1.1971,-5.0781e-14,2.5
4.0569,1.1982,-4.6174e-14,2.5
4.0681,1.1994,-3.6182e-14,2.5
4.075,1.1998,-2.6745e-14,2.5
4.075,1.1998,-2.6617e-14,2.5
4.0819,1.2,-2.2288e-14,2.5
4.0931,1.1998,-1.4072e-14,2.5
4.1,1.1994,-1.2462e-14,2.5
4.1,1.1994,-1.2465e-14,2.5
4.1069,1.1987,-1.6906e-14,2.5
4.1181,1.1971,-9.967e-15,2.5
4.125,1.1958,-1.7513e-15,2.5
4.125,1.1958,-5.5935e-16,2.5
4.1319,1.1943,-2.4467e-15,2.5
4.1431,1.1914,-1.503e-15,2.5
4.15,1.1892,1.0505e-15,2.5
4.15,1.1892,1.1964e-15,2.5
4.1569,1.1869,8.0243e-15,2.5
4.1681,1.1826,1.2465e-14,2.5
4.175,1.1797,1.3353e-14,2.5
4.175,1.1797,1.3795e-14,2.5
4.1819,1.1765,1.6015e-14,2.5
4.1931,1.171,7.633e-15,2.5
4.2,1.1673,-7.492e-16,2.5
4.2,1.1673,-3.3234e-16,2.5
4.2069,1.1634,3.1094e-15,2.5
4.2181,1.1568,1.7216e-15,2.5
4.225,1.1524,-5.6059e-15,2.5
4.225,1.1524,-5.1207e-15,2.5
4.2319,1.1478,2.9285e-15,2.5
4.2431,1.14,1.6695e-14,2.5
4.25,1.135,1.7417e-14,2.5
4.25,1.135,1.7561e-14,2.5
4.2569,1.1299,1.2287e-14,2.5
4.2681,1.1211,7.5689e-15,2.5
4.275,1.1156,6.5142e-15,2.5
4.275,1.1156,6.7567e-15,2.5
4.2819,1.1099,1.2141e-14,2.5
4.2931,1.1004,2.5131e-14,2.5
4.3,1.0943,3.3458e-14,2.5
4.3,1.0943,3.345e-14,2.5
4.3069,1.0882,3.4561e-14,2.5
4.3181,1.078,2.4513e-14,2.5
4.325,1.0716,1.7852e-14,2.5
4.325,1.0716,1.7873e-14,2.5
4.3319,1.0651,1.6263e-14,2.5
4.3431,1.0544,1.8595e-14,2.5
4.35,1.0478,1.9594e-14,2.5
4.35,1.0478,1.9761e-14,2.5
4.3569,1.041,1.693e-14,2.5
4.3681,1.03,8.6588e-15,2.5
4.375,1.0232,7.7621e-16,2.5
4.375,1.0232,5.8559e-16,2.5
4.3819,1.0163,-7.4668e-16,2.5
4.3931,1.0051,1.6403e-15,2.5
4.4,0.99823,-8.0546e-17,2.5
4.4,0.99823,-2.3113e-16,2.5
4.4069,0.99132,-7.5586e-15,2.5
4.4181,0.98017,-1.5497e-14,2.5
4.425,0.97331,-1.8883e-14,2.5
4.425,0.97331,-1.9015e-14,2.5
4.4319,0.96648,-1.3908e-14,2.5
4.4431,0.95551,-9.7998e-15,2.5
4.45,0.94881,-1.1021e-14,2.5
4.45,0.94881,-1.0944e-14,2.5
4.4569,0.94216,-2.2768e-14,2.5
4.4681,0.93155,-3.8144e-14,2.5
4.475,0.9251,-3.4092e-14,2.5
4.475,0.9251,-3.4363e-14,2.5
4.4819,0.91874,-2.2705e-14,2.5
4.4931,0.90866,-9.2717e-15,2.5
4.5,0.90257,-2.6658e-15,2.5
4.5,0.90257,-2.5367e-15,2.5
4.5069,0.89659,-2.5367e-15,2.5
4.5181,0.88719,-1.0752e-14,2.5
4.525,0.88155,-1.4472e-14,2.5
4.525,0.88155,-1.4294e-14,2.5
4.5319,0.87605,-9.7979e-15,2.5
4.5431,0.86748,-4.9129e-15,2.5
4.55,0.86238,-5.4681e-15,2.5
4.55,0.86238,-5.0701e-15,2.5
4.5569,0.85745,-9.5665e-15,2.5
4.5681,0.84984,-1.7061e-14,2.5
4.575,0.84536,-1.9559e-14,2.5
4.575,0.84536,-1.9522e-14,2.5
4.5819,0.84107,-1.9467e-14,2.5
4.5931,0.83454,-1.8079e-14,2.5
4.6,0.83076,-1.7857e-14,2.5
4.6,0.83076,-1.7618e-14,2.5
4.6069,0.82718,-8.6249e-15,2.5
4.6181,0.82182,-1.797e-15,2.5
4.625,0.81879,-2.6852e-15,2.5
4.625,0.81879,-2.0935e-15,2.5
4.6319,0.81597,-1.5057e-16,2.5
4.6431,0.81189,1.4037e-15,2.5
4.65,0.80965,9.5965e-16,2.5
4.65,0.80965,7.9252e-16,2.5
4.6569,0.80765,1.8472e-15,2.5
4.6681,0.80489,-2.0668e-16,2.5
4.675,0.80348,-3.8149e-15,2.5
4.675,0.80348,-3.5932e-15,2.5
4.6819,0.80232,-5.425e-15,2.5
4.6931,0.80093,-3.0936e-15,2.5
4.7,0.80038,-2.4829e-15,2.5
4.7,0.80038,-2.1374e-15,2.5
4.7069,0.80008,-7.5774e-15,2.5
4.7181,0.80008,-1.2907e-14,2.5
4.725,0.8004,-1.2851e-14,2.5
4.725,0.8004,-1.2827e-14,2.5
4.7319,0.80095,-1.0885e-14,2.5
4.7431,0.80235,-9.3303e-15,2.5
4.75,0.80353,-7.4429e-15,2.5
4.75,0.80353,-7.2814e-15,2.5
4.7569,0.80493,-1.0641e-15,2.5
4.7681,0.80771,4.8201e-15,2.5
4.775,0.80972,1.6004e-15,2.5
4.775,0.80972,1.7125e-15,2.5
4.7819,0.81196,-1.1186e-15,2.5
4.7931,0.81606,-2.5619e-15,2.5
4.8,0.81888,-8.9653e-16,2.5
4.8,0.81888,-9.3445e-16,2.5
4.8069,0.82192,6.282e-15,2.5
4.8181,0.82729,1.372e-14,2.5
4.825,0.83087,1.7107e-14,2.5
4.825,0.83087,1.721e-14,2.5
4.8319,0.83466,2.7257e-14,2.5
4.8431,0.84121,3.7416e-14,2.5
4.85,0.8455,4.1024e-14,2.5
4.85,0.8455,4.0888e-14,2.5
4.8569,0.84998,4.4885e-14,2.5
4.8681,0.85761,4.383e-14,2.5
4.875,0.86254,3.7169e-14,2.5
4.875,0.86254,3.746e-14,2.5
4.8819,0.86764,3.5961e-14,2.5
4.8931,0.87623,3.6683e-14,2.5
4.9,0.88173,3.4518e-14,2.5
4.9,0.88173,3.4968e-14,2.5
4.9069,0.88737,3.4135e-14,2.5
4.9181,0.89678,3.4024e-14,2.5
4.925,0.90276,3.1249e-14,2.5
4.925,0.90276,3.1456e-14,2.5
4.9319,0.90885,3.1622e-14,2.5
4.9431,0.91894,3.8839e-14,2.5
4.95,0.92531,4.2003e-14,2.5
4.95,0.92531,4.1875e-14,2.5
4.9569,0.93176,3.5214e-14,2.5
4.9681,0.94237,2.3501e-14,2.5
4.975,0.94902,1.4619e-14,2.5
4.975,0.94902,1.466e-14,2.5
4.9819,0.95573,5.7224e-15,2.5
4.9931,0.9667,-3.5479e-15,2.5
5,0.97353,-1.0623e-16,2.5
