   0 -5.0000000000000000E+00 +3.8571430353526308E+00 +1.0141851062958438E+01 +3.9166667266817434E+01 
   1 -4.9500000000000002E+00 +3.8571430353063256E+00 +1.0141851062926397E+01 +3.9166667266458965E+01 
   2 -4.9000000000000004E+00 +3.8571430350627169E+00 +1.0141851062757716E+01 +3.9166667264573057E+01 
   3 -4.8499999999999996E+00 +3.8571430352878151E+00 +1.0141851062913650E+01 +3.9166667266315649E+01 
   4 -4.7999999999999998E+00 +3.8571430358175403E+00 +1.0141851063280702E+01 +3.9166667270416198E+01 
   5 -4.7500000000000000E+00 +3.8571430353044152E+00 +1.0141851062925083E+01 +3.9166667266444300E+01 
   6 -4.7000000000000002E+00 +3.8571430349861116E+00 +1.0141851062704729E+01 +3.9166667263980123E+01 
   7 -4.6500000000000004E+00 +3.8571430349144200E+00 +1.0141851062654704E+01 +3.9166667263425417E+01 
   8 -4.5999999999999996E+00 +3.8571430338873212E+00 +1.0141851061943452E+01 +3.9166667255474863E+01 
   9 -4.5499999999999998E+00 +3.8571430367280857E+00 +1.0141851063911203E+01 +3.9166667277464022E+01 
  10 -4.5000000000000000E+00 +3.8571430399328563E+00 +1.0141851066131046E+01 +3.9166667302275812E+01 
  11 -4.4500000000000002E+00 +3.8571430343927955E+00 +1.0141851062294505E+01 +3.9166667259382081E+01 
  12 -4.4000000000000004E+00 +3.8571430337957429E+00 +1.0141851061878805E+01 +3.9166667254771518E+01 
  13 -4.3499999999999996E+00 +3.8571430354960103E+00 +1.0141851063060036E+01 +3.9166667267916516E+01 
  14 -4.2999999999999998E+00 +3.8571430143446959E+00 +1.0141851048403758E+01 +3.9166667104203000E+01 
  15 -4.2500000000000000E+00 +3.8571430126728634E+00 +1.0141851047248307E+01 +3.9166667091240875E+01 
  16 -4.2000000000000002E+00 +3.8571430418482358E+00 +1.0141851067461156E+01 +3.9166667317099048E+01 
  17 -4.1500000000000004E+00 +3.8571430011416994E+00 +1.0141851039247488E+01 +3.9166667002020134E+01 
  18 -4.0999999999999996E+00 +3.8571429736400180E+00 +1.0141851020234828E+01 +3.9166666788995904E+01 
  19 -4.0499999999999998E+00 +3.8571430882666444E+00 +1.0141851099570259E+01 +3.9166667676630340E+01 
  20 -4.0000000000000000E+00 +3.8571430412477832E+00 +1.0141851067100951E+01 +3.9166667312105417E+01 
  21 -3.9500000000000002E+00 +3.8571428350938137E+00 +1.0141850924184252E+01 +3.9166665717101367E+01 
  22 -3.8999999999999999E+00 +3.8571431056391510E+00 +1.0141851111641548E+01 +3.9166667810239268E+01 
  23 -3.8500000000000001E+00 +3.8571433357622218E+00 +1.0141851271241084E+01 +3.9166669593042528E+01 
  24 -3.7999999999999998E+00 +3.8571426055801057E+00 +1.0141850764661489E+01 +3.9166663939420516E+01 
  25 -3.7500000000000000E+00 +3.8571426041958734E+00 +1.0141850765636649E+01 +3.9166663928932174E+01 
  26 -3.7000000000000002E+00 +3.8571440880512431E+00 +1.0141851789559444E+01 +3.9166675417490914E+01 
  27 -3.6499999999999999E+00 +3.8571433115081675E+00 +1.0141851258644781E+01 +3.9166669400939064E+01 
  28 -3.6000000000000001E+00 +3.8571407708421175E+00 +1.0141849488034225E+01 +3.9166649743389456E+01 
  29 -3.5499999999999998E+00 +3.8571432953684095E+00 +1.0141851250124782E+01 +3.9166669269694786E+01 
  30 -3.5000000000000000E+00 +3.8571470798211016E+00 +1.0141853860289805E+01 +3.9166698588480607E+01 
  31 -3.4500000000000002E+00 +3.8571414365626127E+00 +1.0141849949722532E+01 +3.9166654878246277E+01 
  32 -3.3999999999999999E+00 +3.8571366322621197E+00 +1.0141846655844772E+01 +3.9166617701329812E+01 
  33 -3.3500000000000001E+00 +3.8571468043549819E+00 +1.0141853603910709E+01 +3.9166696469411654E+01 
  34 -3.2999999999999998E+00 +3.8571501538802866E+00 +1.0141856130265658E+01 +3.9166722296457181E+01 
  35 -3.2500000000000000E+00 +3.8571354004260412E+00 +1.0141845541761436E+01 +3.9166608295156593E+01 
  36 -3.2000000000000002E+00 +3.8571467155778105E+00 +1.0141853971217548E+01 +3.9166695629785593E+01 
  37 -3.1499999999999999E+00 +3.8571574310430345E+00 +1.0141860532261870E+01 +3.9166778617901429E+01 
  38 -3.1000000000000001E+00 +3.8570730428015154E+00 +1.0141803185183953E+01 +3.9166126203565263E+01 
  39 -3.0499999999999998E+00 +3.8570562095108629E+00 +1.0141790336203663E+01 +3.9165992972621154E+01 
  40 -3.0000000000000000E+00 +3.8573399065962048E+00 +1.0141987253936570E+01 +3.9168196015405634E+01 
  41 -2.9500000000000002E+00 +3.8571386781559092E+00 +1.0141848120376933E+01 +3.9166626406598688E+01 
  42 -2.8999999999999999E+00 +3.8531560683233512E+00 +1.0139080298165741E+01 +3.9135818786316669E+01 
  43 -2.8500000000000001E+00 +3.8428674320982541E+00 +1.0131904278929303E+01 +3.9056180385029300E+01 
  44 -2.7999999999999998E+00 +3.8270581392594254E+00 +1.0120712130615900E+01 +3.8933966493309995E+01 
  45 -2.7500000000000000E+00 +3.8001145643027776E+00 +1.0101428871022623E+01 +3.8725754256616007E+01 
  46 -2.7000000000000002E+00 +3.7542121986722123E+00 +1.0067359572192375E+01 +3.8371731124324434E+01 
  47 -2.6499999999999999E+00 +3.7093855122091561E+00 +1.0032367594746763E+01 +3.8027234889033764E+01 
  48 -2.6000000000000001E+00 +3.7266569681505146E+00 +1.0047933843022355E+01 +3.8157296219341660E+01 
  49 -2.5499999999999998E+00 +3.8893687917424464E+00 +1.0164441974307282E+01 +3.9415549086213531E+01 
  50 -2.5000000000000000E+00 +4.0313439819893508E+00 +1.0252510995912717E+01 +4.0522391286282314E+01 
  51 -2.4500000000000002E+00 +4.0540914083880102E+00 +1.0265760861261439E+01 +4.0699768494501811E+01 
  52 -2.3999999999999999E+00 +4.0420404689336316E+00 +1.0258755091263845E+01 +4.0605290124693639E+01 
  53 -2.3500000000000001E+00 +4.0209114885173625E+00 +1.0246399046286596E+01 +4.0440604458618495E+01 
  54 -2.2999999999999998E+00 +3.9968620072215093E+00 +1.0232033559580215E+01 +4.0253435174714618E+01 
  55 -2.2500000000000000E+00 +3.9709507681710674E+00 +1.0216040800362091E+01 +4.0051616456151784E+01 
  56 -2.2000000000000002E+00 +3.9432626529320514E+00 +1.0198372538142761E+01 +3.9835880297791725E+01 
  57 -2.1499999999999999E+00 +3.9141765825020105E+00 +1.0179341504568475E+01 +3.9609631307613157E+01 
  58 -2.1000000000000001E+00 +3.8841942247737458E+00 +1.0159354659451610E+01 +3.9377154256373551E+01 
  59 -2.0499999999999998E+00 +3.8538087984735419E+00 +1.0138659510886217E+01 +3.9142158827452391E+01 
  60 -2.0000000000000000E+00 +3.8233454943333172E+00 +1.0117308645440986E+01 +3.8906802087489801E+01 
  61 -1.9500000000000000E+00 +3.7925770422836749E+00 +1.0095024718487515E+01 +3.8668977605136647E+01 
  62 -1.8999999999999999E+00 +3.7611096439860257E+00 +1.0071550532510875E+01 +3.8425910608820857E+01 
  63 -1.8500000000000001E+00 +3.7303167346230457E+00 +1.0048059015218630E+01 +3.8188515551826001E+01 
  64 -1.8000000000000000E+00 +3.7028190105746344E+00 +1.0026727974878751E+01 +3.7977156400738721E+01 
  65 -1.7500000000000000E+00 +3.6762352132193663E+00 +1.0005684190380343E+01 +3.7773138084861721E+01 
  66 -1.7000000000000000E+00 +3.6455972219825803E+00 +9.9809130113254660E+00 +3.7538115611612916E+01 
  67 -1.6499999999999999E+00 +3.6221252128052823E+00 +9.9610365000973111E+00 +3.7358261753365340E+01 
  68 -1.6000000000000001E+00 +3.6436393242132108E+00 +9.9799836934000528E+00 +3.7519754870959382E+01 
  69 -1.5500000000000000E+00 +3.8259465195249183E+00 +1.0120709763001692E+01 +3.8924649772210870E+01 
  70 -1.5000000000000000E+00 +4.0245069340461184E+00 +1.0247094295466047E+01 +4.0471781987629974E+01 
  71 -1.4500000000000000E+00 +4.0663002145996385E+00 +1.0271214792037535E+01 +4.0798477430762134E+01 
  72 -1.3999999999999999E+00 +4.0600752891092480E+00 +1.0267294550144685E+01 +4.0748539469156228E+01 
  73 -1.3500000000000001E+00 +4.0423376827163162E+00 +1.0256962549057681E+01 +4.0609447101714458E+01 
  74 -1.3000000000000000E+00 +4.0191239123705262E+00 +1.0243578760773156E+01 +4.0428865540528925E+01 
  75 -1.2500000000000000E+00 +3.9921678656508552E+00 +1.0227651094234552E+01 +4.0219369713843406E+01 
  76 -1.2000000000000000E+00 +3.9621588661675196E+00 +1.0209046935818671E+01 +3.9985483177324419E+01 
  77 -1.1499999999999999E+00 +3.9299326676143429E+00 +1.0188188430157885E+01 +3.9733968235912343E+01 
  78 -1.1000000000000001E+00 +3.8962010057616911E+00 +1.0165822461652979E+01 +3.9471427009506833E+01 
  79 -1.0500000000000000E+00 +3.8614924765645764E+00 +1.0142453257134301E+01 +3.9202558809869906E+01 
  80 -1.0000000000000000E+00 +3.8263301392167266E+00 +1.0118223331960717E+01 +3.8931019130554738E+01 
  81 -9.4999999999999996E-01 +3.7909350264911699E+00 +1.0092900758716315E+01 +3.8657610043684166E+01 
  82 -9.0000000000000002E-01 +3.7551667375094389E+00 +1.0066258873932734E+01 +3.8381045643539096E+01 
  83 -8.4999999999999998E-01 +3.7200488594380259E+00 +1.0039236974676637E+01 +3.8109755976035068E+01 
  84 -8.0000000000000004E-01 +3.6881151051017951E+00 +1.0014213984869729E+01 +3.7863860625210627E+01 
  85 -7.5000000000000000E-01 +3.6586144754198342E+00 +9.9907954621779211E+00 +3.7637637156767980E+01 
  86 -6.9999999999999996E-01 +3.6280760866413937E+00 +9.9658394357510662E+00 +3.7403205701357535E+01 
  87 -6.5000000000000002E-01 +3.6058186478155840E+00 +9.9472422725572365E+00 +3.7233121911708693E+01 
  88 -5.9999999999999998E-01 +3.6255395933252146E+00 +9.9639280504825578E+00 +3.7382245344780976E+01 
  89 -5.5000000000000004E-01 +3.7848926273385484E+00 +1.0091242275873158E+01 +3.8605346753588016E+01 
  90 -5.0000000000000000E-01 +3.9931459862818923E+00 +1.0228221831856239E+01 +4.0224466374522670E+01 
  91 -4.5000000000000001E-01 +4.0670376341227819E+00 +1.0272336576122019E+01 +4.0802586484048831E+01 
  92 -4.0000000000000002E-01 +4.0716661376107579E+00 +1.0275002206766654E+01 +4.0837927691470597E+01 
  93 -3.4999999999999998E-01 +4.0617134786505522E+00 +1.0269266906157632E+01 +4.0758540975448526E+01 
  94 -2.9999999999999999E-01 +4.0431364811557913E+00 +1.0258671681614512E+01 +4.0612633119841149E+01 
  95 -2.5000000000000000E-01 +4.0177417980399310E+00 +1.0243970768285761E+01 +4.0414781011377549E+01 
  96 -2.0000000000000001E-01 +3.9867439977511983E+00 +1.0225366656315634E+01 +4.0173827452078257E+01 
  97 -1.4999999999999999E-01 +3.9514678309569131E+00 +1.0203257253230010E+01 +3.9899470849802952E+01 
  98 -1.0000000000000001E-01 +3.9130339772241882E+00 +1.0178279372216840E+01 +3.9600412354129887E+01 
  99 -5.0000000000000003E-02 +3.8724793329991720E+00 +1.0151164650350246E+01 +3.9285173396758438E+01 
 100 +0.0000000000000000E+00 +3.8308076580913988E+00 +1.0122490034862727E+01 +3.8962114342075736E+01 
 101 +5.0000000000000003E-02 +3.7888599915204622E+00 +1.0092534744186715E+01 +3.8637995193010596E+01 
 102 +1.0000000000000001E-01 +3.7472674124383039E+00 +1.0061511559362829E+01 +3.8317556003848843E+01 
 103 +1.4999999999999999E-01 +3.7066949756195844E+00 +1.0029977035450161E+01 +3.8005732768174802E+01 
 104 +2.0000000000000001E-01 +3.6694049997848635E+00 +9.9999742884710674E+00 +3.7719480814895753E+01 
 105 +2.5000000000000000E-01 +3.6369614545069786E+00 +9.9731477823588168E+00 +3.7471001841882497E+01 
 106 +2.9999999999999999E-01 +3.6101398109110314E+00 +9.9505367879482858E+00 +3.7265770266372797E+01 
 107 +3.4999999999999998E-01 +3.6024673108416101E+00 +9.9439773528164626E+00 +3.7207334856113725E+01 
 108 +4.0000000000000002E-01 +3.6525083297759098E+00 +9.9846612147939791E+00 +3.7593883493396127E+01 
 109 +4.5000000000000001E-01 +3.7868507086451597E+00 +1.0085465217956530E+01 +3.8635871396754652E+01 
 110 +5.0000000000000000E-01 +3.9289786922598418E+00 +1.0173174660723204E+01 +3.9757740706103363E+01 
 111 +5.5000000000000004E-01 +3.9954431226989335E+00 +1.0170007730793246E+01 +4.0378380278186512E+01 
 112 +5.9999999999999998E-01 +3.9847939748846986E+00 +1.0073246355622699E+01 +4.0505876299638565E+01 
 113 +6.5000000000000002E-01 +3.9565291872250676E+00 +9.9851904452680689E+00 +4.0447517694528379E+01 
 114 +6.9999999999999996E-01 +3.9680929641800260E+00 +1.0026485904375106E+01 +4.0445292684745880E+01 
 115 +7.5000000000000000E-01 +4.0476425527721904E+00 +1.0262533340479232E+01 +4.0606265871856166E+01 
 116 +8.0000000000000004E-01 +4.1337709139266900E+00 +1.0536093109307314E+01 +4.0741069342992517E+01 
 117 +8.4999999999999998E-01 +4.1314172535404650E+00 +1.0604120802521653E+01 +4.0564703122933572E+01 
 118 +9.0000000000000002E-01 +3.9940130079670593E+00 +1.0337124488424433E+01 +3.9921400337922229E+01 
 119 +9.4999999999999996E-01 +3.7976330827090270E+00 +9.9209220516423535E+00 +3.9069669272373204E+01 
 120 +1.0000000000000000E+00 +3.6690843523498837E+00 +9.6810573221995693E+00 +3.8442269057096347E+01 
 121 +1.0500000000000000E+00 +3.6897735678914017E+00 +9.8357958256975593E+00 +3.8330440815610764E+01 
 122 +1.1000000000000001E+00 +3.8133474780733958E+00 +1.0267789983378188E+01 +3.8588821291138970E+01 
 123 +1.1499999999999999E+00 +3.9030157948263069E+00 +1.0607932224718141E+01 +3.8731586292784272E+01 
 124 +1.2000000000000000E+00 +3.8472305012062487E+00 +1.0540525573351886E+01 +3.8354584532740908E+01 
 125 +1.2500000000000000E+00 +3.6490394286690764E+00 +1.0053471171478197E+01 +3.7482012180091189E+01 
 126 +1.3000000000000000E+00 +3.4418926233381675E+00 +9.4976163221293568E+00 +3.6650642402725111E+01 
 127 +1.3500000000000001E+00 +3.3842442051506825E+00 +9.2949336828943938E+00 +3.6503138796917234E+01 
 128 +1.3999999999999999E+00 +3.5700852275775952E+00 +9.6814660479777821E+00 +3.7430893190079566E+01 
 129 +1.4500000000000000E+00 +3.9124514039143556E+00 +1.0416413974353766E+01 +3.9048413762110535E+01 
 130 +1.5000000000000000E+00 +4.1924546143892867E+00 +1.0948857794666454E+01 +4.0453881071368045E+01 
 131 +1.5500000000000000E+00 +4.2083847551159881E+00 +1.0821838686782572E+01 +4.0875525599044764E+01 
 132 +1.6000000000000001E+00 +3.9793222427545833E+00 +1.0126644361991408E+01 +4.0375010435137519E+01 
 133 +1.6499999999999999E+00 +3.7533060054764196E+00 +9.4940047366735651E+00 +3.9779249934410139E+01 
 134 +1.7000000000000000E+00 +3.7819567452064624E+00 +9.5435224950266715E+00 +3.9895843797241923E+01 
 135 +1.7500000000000000E+00 +4.0919709299677027E+00 +1.0333710228572853E+01 +4.0826538609637069E+01 
 136 +1.8000000000000000E+00 +4.3791841699168499E+00 +1.1097133714871580E+01 +4.1633412997707460E+01 
 137 +1.8500000000000001E+00 +4.3338949735925842E+00 +1.1049994778300135E+01 +4.1312881459013511E+01 
 138 +1.8999999999999999E+00 +3.9870664654556660E+00 +1.0257991653659294E+01 +3.9974772709083382E+01 
 139 +1.9500000000000000E+00 +3.6280698664009958E+00 +9.4416091594387339E+00 +3.8579691725086263E+01 
 140 +2.0000000000000000E+00 +3.5021891443156061E+00 +9.2271619586662990E+00 +3.7919861813170542E+01 
 141 +2.0499999999999998E+00 +3.6605264641378183E+00 +9.7688257406683050E+00 +3.8252904762139700E+01 
 142 +2.1000000000000001E+00 +3.9292884855322674E+00 +1.0621446652988206E+01 +3.8986156613912790E+01 
 143 +2.1499999999999999E+00 +4.0896598570785221E+00 +1.1173777686806115E+01 +3.9351098353858269E+01 
 144 +2.2000000000000002E+00 +3.9712122803341430E+00 +1.0933192917004856E+01 +3.8707956930266874E+01 
 145 +2.2500000000000000E+00 +3.5751855747119716E+00 +9.8580591819929175E+00 +3.7103816414822987E+01 
 146 +2.2999999999999998E+00 +3.2321529782760194E+00 +8.8330846659079878E+00 +3.5463003686711083E+01 
 147 +2.3500000000000001E+00 +2.7861837936218432E+00 +6.9814732436137765E+00 +2.9171305724071097E+01 
 148 +2.3999999999999999E+00 +1.5025592463389774E+00 +1.8527243114915224E+00 +9.3424652769119909E+00 
 149 +2.4500000000000002E+00 +1.0026913235040305E+00 +1.2525753107135554E-01 +2.9041711032013895E+00 
 150 +2.5000000000000000E+00 +9.9020626206987683E-01 +4.4040799337455106E-03 +2.5132573611704334E+00 
 151 +2.5499999999999998E+00 +1.0366357123596976E+00 +1.3987726684961126E-04 +2.5003926443704954E+00 
 152 +2.6000000000000001E+00 +1.0840341524264343E+00 -1.3782932177763803E-06 +2.5000016406881040E+00 
 153 +2.6499999999999999E+00 +1.1263217142673019E+00 +6.3507898299489849E-09 +2.5000009020252394E+00 
 154 +2.7000000000000002E+00 +1.1607577822649917E+00 +8.5237972771231112E-07 +2.5000024684229536E+00 
 155 +2.7500000000000000E+00 +1.1851959629764897E+00 -4.0285094874785112E-08 +2.4999998816695217E+00 
 156 +2.7999999999999998E+00 +1.1981209811323057E+00 -2.0797783372901893E-08 +2.4999999447988892E+00 
 157 +2.8500000000000001E+00 +1.1987280068562649E+00 +7.4615428835578191E-09 +2.5000000202090713E+00 
 158 +2.8999999999999999E+00 +1.1869790001197831E+00 +1.2684109725510015E-10 +2.5000000003440226E+00 
 159 +2.9500000000000002E+00 +1.1636039996988847E+00 -3.2802066951553821E-10 +2.4999999991100177E+00 
 160 +3.0000000000000000E+00 +1.1300580000453473E+00 +4.9906363486229746E-11 +2.5000000001349671E+00 
 161 +3.0499999999999998E+00 +1.0884240000078009E+00 +8.6792924699115699E-12 +2.5000000000245945E+00 
 162 +3.1000000000000001E+00 +1.0412929999968332E+00 -3.5901862964019876E-12 +2.4999999999899019E+00 
 163 +3.1499999999999999E+00 +9.9159500000011658E-01 +1.3276602039979926E-13 +2.5000000000003402E+00 
 164 +3.2000000000000002E+00 +9.4241900000013490E-01 +1.5909569957746791E-13 +2.5000000000004787E+00 
 165 +3.2500000000000000E+00 +8.9682399999997453E-01 -3.0514109757480996E-14 +2.4999999999999076E+00 
 166 +3.2999999999999998E+00 +8.5764299999999638E-01 -3.7851203652886973E-15 +2.4999999999999845E+00 
 167 +3.3500000000000001E+00 +8.2731300000000163E-01 +2.7966517990307592E-15 +2.5000000000000067E+00 
 168 +3.3999999999999999E+00 +8.0772100000000002E-01 +5.1107266566911118E-16 +2.5000000000000004E+00 
 169 +3.4500000000000002E+00 +8.0008299999999999E-01 -3.7599553100638626E-16 +2.5000000000000000E+00 
 170 +3.5000000000000000E+00 +8.0487500000000001E-01 +4.2373512106526864E-16 +2.5000000000000000E+00 
 171 +3.5499999999999998E+00 +8.2179899999999995E-01 +3.3639757646142256E-16 +2.5000000000000000E+00 
 172 +3.6000000000000001E+00 +8.4980299999999998E-01 -6.9870035683076051E-16 +2.5000000000000000E+00 
 173 +3.6499999999999999E+00 +8.8714499999999996E-01 +1.6209256159527260E-16 +2.5000000000000000E+00 
 174 +3.7000000000000002E+00 +9.3150400000000000E-01 +1.8570330458563266E-15 +2.5000000000000000E+00 
 175 +3.7500000000000000E+00 +9.8012200000000005E-01 +1.8881192905458477E-15 +2.5000000000000000E+00 
 176 +3.7999999999999998E+00 +1.0299750000000001E+00 +8.5709217501061589E-16 +2.5000000000000000E+00 
 177 +3.8500000000000001E+00 +1.0779650000000001E+00 +7.7012470474831030E-16 +2.5000000000000000E+00 
 178 +3.8999999999999999E+00 +1.1211080000000000E+00 -7.9565983431469923E-17 +2.5000000000000000E+00 
 179 +3.9500000000000002E+00 +1.1567210000000001E+00 -8.6856447959840387E-16 +2.5000000000000000E+00 
 180 +4.0000000000000000E+00 +1.1825889999999999E+00 +8.1046280797636396E-16 +2.5000000000000000E+00 
 181 +4.0499999999999998E+00 +1.1971050000000001E+00 +1.5324778483242543E-15 +2.5000000000000000E+00 
 182 +4.0999999999999996E+00 +1.1993659999999999E+00 +1.2356782264077833E-15 +2.5000000000000000E+00 
 183 +4.1500000000000004E+00 +1.1892309999999999E+00 +3.0420110874729050E-16 +2.5000000000000000E+00 
 184 +4.2000000000000002E+00 +1.1673309999999999E+00 -6.5318121282113302E-16 +2.5000000000000000E+00 
 185 +4.2500000000000000E+00 +1.1350270000000000E+00 -6.2838623193784276E-16 +2.5000000000000000E+00 
 186 +4.2999999999999998E+00 +1.0943280000000000E+00 -3.2455519753208930E-16 +2.5000000000000000E+00 
 187 +4.3499999999999996E+00 +1.0477639999999999E+00 +2.6608345156849273E-16 +2.5000000000000000E+00 
 188 +4.4000000000000004E+00 +9.9822999999999995E-01 -2.9494925020875022E-16 +2.5000000000000000E+00 
 189 +4.4500000000000002E+00 +9.4880600000000004E-01 -8.0010072641319470E-16 +2.5000000000000000E+00 
 190 +4.5000000000000000E+00 +9.0256499999999995E-01 -1.3159843585223509E-15 +2.5000000000000000E+00 
 191 +4.5499999999999998E+00 +8.6238199999999998E-01 -3.7821597705563504E-16 +2.5000000000000000E+00 
 192 +4.5999999999999996E+00 +8.3075600000000005E-01 -1.5284070305672735E-16 +2.5000000000000000E+00 
 193 +4.6500000000000004E+00 +8.0965200000000004E-01 -3.6933419285863063E-16 +2.5000000000000000E+00 
 194 +4.7000000000000002E+00 +8.0038399999999998E-01 -1.3385588933563929E-15 +2.5000000000000000E+00 
 195 +4.7500000000000000E+00 +8.0352599999999996E-01 -1.2153241376230024E-15 +2.5000000000000000E+00 
 196 +4.7999999999999998E+00 +8.1888399999999995E-01 -7.6050277186823426E-16 +2.5000000000000000E+00 
 197 +4.8499999999999996E+00 +8.4550300000000000E-01 -3.1715371070125244E-16 +2.5000000000000000E+00 
 198 +4.9000000000000004E+00 +8.8172799999999996E-01 -4.1078251911130594E-17 +2.5000000000000000E+00 
 199 +4.9500000000000002E+00 +9.2530699999999999E-01 +0.0000000000000000E+00 +2.5000000000000000E+00 
 200 +5.0000000000000000E+00 +9.7353000000000001E-01 +0.0000000000000000E+00 +2.5000000000000000E+00 
